0 0 1
1.00000000 0.00000000 -0.00000000 -0.00000000
-0.00000000 1.00000000 0.00000000 0.00000000
0.00000000 0.00000000 1.00000000 0.00000000
0.00000000 0.00000000 0.00000000 1.00000000
1 1 2
0.99999389 -0.00198376 -0.00287778 0.00006821
0.00197958 0.99999698 -0.00145544 -0.00045542
0.00288066 0.00144973 0.99999480 0.01593021
0.00000000 0.00000000 0.00000000 1.00000000
2 2 3
0.99997946 -0.00038391 -0.00639818 -0.00025188
0.00037106 0.99999791 -0.00201047 -0.00100371
0.00639894 0.00200805 0.99997751 0.03234633
0.00000000 0.00000000 0.00000000 1.00000000
3 3 4
0.99996417 0.00044561 -0.00845385 -0.00130507
-0.00046632 0.99999689 -0.00244869 -0.00162691
0.00845273 0.00245254 0.99996127 0.04932604
0.00000000 0.00000000 0.00000000 1.00000000
4 4 5
0.99992323 0.00213701 -0.01220482 -0.00194003
-0.00216855 0.99999434 -0.00257153 -0.00209624
0.01219926 0.00259780 0.99992221 0.06691616
0.00000000 0.00000000 0.00000000 1.00000000
5 5 6
0.99988008 0.00106663 -0.01544922 -0.00261035
-0.00109941 0.99999716 -0.00211352 -0.00269353
0.01544692 0.00213025 0.99987842 0.08553093
0.00000000 0.00000000 0.00000000 1.00000000
6 6 7
0.99981160 0.00230570 -0.01927313 -0.00421596
-0.00236193 0.99999302 -0.00289538 -0.00304448
0.01926632 0.00294035 0.99981006 0.10940440
0.00000000 0.00000000 0.00000000 1.00000000
7 7 8
0.99969143 0.00441486 -0.02444482 -0.00569422
-0.00448026 0.99998653 -0.00262129 -0.00351395
0.02443292 0.00273000 0.99969774 0.13347549
0.00000000 0.00000000 0.00000000 1.00000000
8 8 9
0.99957433 0.00456472 -0.02881535 -0.00731211
-0.00459774 0.99998885 -0.00107971 -0.00363288
0.02881010 0.00121174 0.99958417 0.15772303
0.00000000 0.00000000 0.00000000 1.00000000
9 9 10
0.99954166 0.00511481 -0.02983798 -0.00923982
-0.00506562 0.99998568 0.00172401 -0.00429037
0.02984637 -0.00157207 0.99955326 0.17914566
0.00000000 0.00000000 0.00000000 1.00000000
10 10 11
0.99949714 0.00461325 -0.03137168 -0.01121148
-0.00445661 0.99997726 0.00506121 -0.00494965
0.03139431 -0.00491885 0.99949497 0.20253521
0.00000000 0.00000000 0.00000000 1.00000000
11 11 12
0.99947994 0.00529460 -0.03180917 -0.01303768
-0.00510993 0.99996963 0.00588415 -0.00582353
0.03183936 -0.00571855 0.99947664 0.22136756
0.00000000 0.00000000 0.00000000 1.00000000
12 12 13
0.99934915 0.00472224 -0.03576289 -0.01190355
-0.00448603 0.99996761 0.00668237 -0.00648708
0.03579328 -0.00651759 0.99933796 0.24244390
0.00000000 0.00000000 0.00000000 1.00000000
13 13 14
0.99936901 0.00346334 -0.03534954 -0.01222544
-0.00320068 0.99996687 0.00748431 -0.00770567
0.03537429 -0.00736645 0.99934698 0.25971625
0.00000000 0.00000000 0.00000000 1.00000000
14 14 15
0.99946218 0.00477680 -0.03244268 -0.01437838
-0.00444301 0.99993654 0.01035282 -0.00918198
0.03249008 -0.01020311 0.99941998 0.27708242
0.00000000 0.00000000 0.00000000 1.00000000
15 15 16
0.99950148 0.00337607 -0.03139108 -0.01809767
-0.00306487 0.99994574 0.00995628 -0.00903057
0.03142299 -0.00985510 0.99945759 0.30153130
0.00000000 0.00000000 0.00000000 1.00000000
16 16 17
0.99949684 0.00602845 -0.03114028 -0.02077628
-0.00578796 0.99995277 0.00780727 -0.00908434
0.03118588 -0.00762310 0.99948453 0.32852504
0.00000000 0.00000000 0.00000000 1.00000000
17 17 18
0.99950618 0.00725874 -0.03057311 -0.02344590
-0.00710460 0.99996151 0.00514760 -0.00910420
0.03060929 -0.00492785 0.99951928 0.35575623
0.00000000 0.00000000 0.00000000 1.00000000
18 18 19
0.99949439 0.01176107 -0.02954064 -0.02639068
-0.01166528 0.99992613 0.00341285 -0.00910052
0.02957860 -0.00306653 0.99955775 0.38286784
0.00000000 0.00000000 0.00000000 1.00000000
19 19 20
0.99951612 0.01273171 -0.02838007 -0.02886306
-0.01261847 0.99991171 0.00416586 -0.00921198
0.02843061 -0.00380573 0.99958852 0.41079861
0.00000000 0.00000000 0.00000000 1.00000000
20 20 21
0.99958138 0.01224322 -0.02621396 -0.03152852
-0.01210686 0.99991237 0.00535459 -0.00918730
0.02627722 -0.00503498 0.99964201 0.43874964
0.00000000 0.00000000 0.00000000 1.00000000
21 21 22
0.99939953 0.01213661 -0.03245422 -0.03015189
-0.01192033 0.99990549 0.00684935 -0.00923396
0.03253428 -0.00645837 0.99944975 0.46611998
0.00000000 0.00000000 0.00000000 1.00000000
22 22 23
0.99915896 0.01046584 -0.03964650 -0.02771927
-0.01017504 0.99991988 0.00752953 -0.00962130
0.03972213 -0.00711979 0.99918540 0.49263359
0.00000000 0.00000000 0.00000000 1.00000000
23 23 24
0.99888760 0.00969687 -0.04614696 -0.02663388
-0.00938647 0.99993188 0.00693817 -0.00979149
0.04621109 -0.00649729 0.99891057 0.52013956
0.00000000 0.00000000 0.00000000 1.00000000
24 24 25
0.99853134 0.00719403 -0.05369731 -0.02498810
-0.00683178 0.99995267 0.00692659 -0.01006419
0.05374460 -0.00654957 0.99853323 0.54786561
0.00000000 0.00000000 0.00000000 1.00000000
25 25 26
0.99817674 0.00694691 -0.05995783 -0.02383986
-0.00643285 0.99994092 0.00876242 -0.01019057
0.06001516 -0.00836074 0.99816245 0.57556469
0.00000000 0.00000000 0.00000000 1.00000000
26 26 27
0.99843126 0.01052717 -0.05499276 -0.02831962
-0.00994737 0.99989213 0.01080636 -0.00977261
0.05510059 -0.01024237 0.99842827 0.60496287
0.00000000 0.00000000 0.00000000 1.00000000
27 27 28
0.99865359 0.01400938 -0.04994738 -0.03199087
-0.01337227 0.99982520 0.01306709 -0.00953192
0.05012171 -0.01238159 0.99866637 0.63280417
0.00000000 0.00000000 0.00000000 1.00000000
28 28 29
0.99893978 0.01474652 -0.04361032 -0.03554458
-0.01411644 0.99979199 0.01472087 -0.00927781
0.04381833 -0.01408964 0.99894016 0.66079000
0.00000000 0.00000000 0.00000000 1.00000000
29 29 30
0.99911687 0.01511249 -0.03920582 -0.03813293
-0.01451594 0.99977517 0.01545613 -0.00911048
0.03943059 -0.01487337 0.99911161 0.69040873
0.00000000 0.00000000 0.00000000 1.00000000
