0 0 1
1.00000000 0.00000000 0.00000000 0.00000000
0.00000000 1.00000000 0.00000000 0.00000000
0.00000000 0.00000000 1.00000000 0.00000000
0.00000000 0.00000000 0.00000000 1.00000000
1 1 2
0.99999798 0.00162473 0.00118618 -0.00011517
-0.00162613 0.99999798 0.00118120 0.00011770
-0.00118425 -0.00118313 0.99999860 0.02126714
0.00000000 0.00000000 0.00000000 1.00000000
2 2 3
0.99999128 0.00364301 0.00204183 -0.00011304
-0.00364846 0.99998977 0.00267183 -0.00009515
-0.00203208 -0.00267926 0.99999435 0.04231260
0.00000000 0.00000000 0.00000000 1.00000000
3 3 4
0.99998604 0.00471702 0.00238047 0.00009099
-0.00472207 0.99998661 0.00211850 -0.00012739
-0.00237044 -0.00212971 0.99999492 0.06286640
0.00000000 0.00000000 0.00000000 1.00000000
4 4 5
0.99998466 0.00437981 0.00338991 0.00000863
-0.00437756 0.99999019 -0.00067178 -0.00007741
-0.00339282 0.00065693 0.99999403 0.08295779
0.00000000 0.00000000 0.00000000 1.00000000
